1403636579.963556 2.184973240 3.066218376 3.661989927 0.570546925 0.585074782 0.381093323 0.432355821
1403636582.463556 2.170326710 3.054125786 3.559757471 0.584277213 0.599104226 0.368956298 0.404431909
1403636584.963556 2.190672159 3.091673613 3.937664032 0.569625080 0.559064329 0.426517844 0.425507218
1403636585.463556 2.200207710 3.093732834 3.759030819 0.579654634 0.572535098 0.422818631 0.396772444
1403636588.213556 2.518866539 3.067032814 3.647138119 0.680570245 0.609978199 0.284266323 0.289728969
1403636590.713556 2.036941528 2.970856667 3.671019077 0.635490358 0.644324243 0.274457574 0.325070143
1403636593.613555 2.018831253 3.042602062 3.615205765 0.583716154 0.684315860 0.215739623 0.380056709
1403636596.213556 2.333162069 2.910608530 3.555125713 0.665377676 0.606550932 0.304408342 0.310973316
1403636596.413555 2.282645702 2.835615635 3.575536966 0.669379950 0.597259343 0.309832633 0.314984739
1403636596.613555 2.211747885 2.766059637 3.597852707 0.659673929 0.602601767 0.316964835 0.318173856
1403636596.813555 2.176397562 2.748978138 3.602667570 0.655238450 0.607581615 0.317501426 0.317332625
1403636598.713556 2.194551706 3.061394453 3.507813931 0.553459466 0.698791444 0.270913154 0.363289267
1403636601.413555 2.226743698 3.222550154 3.365657806 0.506161392 0.614445806 0.350490481 0.493369132
1403636603.913555 2.226808548 3.222583055 3.365485430 0.506342590 0.614210844 0.350350797 0.493575037
1403636606.413555 2.226868868 3.222556829 3.365460157 0.506330669 0.614198267 0.350419849 0.493553370
1403636608.913555 2.226809740 3.222543716 3.365487576 0.506314576 0.614198506 0.350515932 0.493501812
1403636611.413555 2.226669073 3.222554922 3.365546227 0.506272197 0.614279211 0.350247949 0.493634939
1403636613.913555 2.227353334 3.222702265 3.365150928 0.506055176 0.614143610 0.350934416 0.493538886
1403636616.413555 2.227360725 3.222689152 3.365134001 0.506161749 0.614024222 0.350769669 0.493694901
1403636618.913555 2.227221489 3.222707987 3.365178347 0.506192803 0.614001393 0.350367814 0.493976980
1403636621.413555 2.227362633 3.222606659 3.365170479 0.506226778 0.613941610 0.350763500 0.493735522
1403636624.363556 2.229935169 3.221705675 3.365301132 0.512744665 0.615281343 0.348634481 0.486801386
1403636627.263556 2.351499081 3.242095947 3.691415548 0.499432504 0.646275163 0.350119740 0.458597541
1403636630.013556 2.943127394 3.525414944 3.780917406 0.647710383 0.523313224 0.422244728 0.358222932
1403636632.963556 3.837612391 4.741214275 3.678171635 0.601620376 0.562189043 0.408972472 0.393367410
1403636635.563555 4.363253593 6.460495472 3.613644838 0.559777558 0.607315004 0.369495183 0.425782204
1403636635.813555 4.411333561 6.651516438 3.651891470 0.560851395 0.597873688 0.371178091 0.436141014
1403636637.863556 4.751146317 7.910239220 3.917701006 0.546579540 0.611821234 0.379204094 0.427936465
1403636638.313555 4.741479397 8.129660606 3.941924572 0.542054653 0.607284606 0.382467926 0.437150002
1403636639.363556 4.840402126 8.767541885 3.881016970 0.557154834 0.605860174 0.357591301 0.441180736
1403636642.113555 5.360825062 10.117912292 3.712393522 0.524674833 0.617660761 0.377720922 0.447815180
1403636643.613555 5.565419674 10.377227783 3.686584711 0.564176500 0.604759395 0.374457538 0.419228256
1403636644.313555 5.685317516 10.669174194 3.752354622 0.565197945 0.601974726 0.369069606 0.426574111
1403636644.563555 5.737963676 10.822472572 3.707341671 0.564264357 0.581396878 0.370492816 0.454222769
1403636647.013556 6.678103447 12.621049881 3.583488464 0.643025398 0.489879876 0.459977299 0.367365122
1403636647.463556 6.879270554 12.866527557 3.636492014 0.644432425 0.493248403 0.452625662 0.369517237
1403636649.863556 8.078673363 13.160115242 3.831420898 0.729762793 0.340951234 0.531517088 0.262083173
1403636651.213556 8.421290398 12.818813324 3.844375134 0.777910888 0.218215019 0.565542281 0.165524960
1403636652.013556 8.452416420 12.527446747 3.884882689 0.779796422 0.189018190 0.571204662 0.172959104
1403636654.713556 8.559646606 11.212295532 3.840162992 0.817315698 -0.008145904 0.576129794 0.001668482
1403636655.063555 8.515513420 11.083254814 3.846262217 0.810610592 -0.029402338 0.584608078 -0.016709927
1403636655.413555 8.451481819 10.964653969 3.807875872 0.800572515 -0.046638742 0.597078085 -0.020150131
1403636655.713556 8.345510483 10.859300613 3.791992426 0.811441958 -0.083286062 0.577248573 -0.037539724
1403636656.163556 8.165930748 10.674473763 3.683565617 0.809081674 -0.146812305 0.563816786 -0.077092998
1403636657.113555 7.871055603 10.187627792 3.734805584 0.789953053 -0.138981521 0.590688229 -0.088006862
1403636658.963556 7.057708263 8.983183861 3.520159960 0.803756237 -0.140925929 0.565879405 -0.117881656
1403636659.413555 6.940025806 8.751881599 3.397467136 0.801421165 -0.146190554 0.569617510 -0.109033085
1403636659.813555 6.836012840 8.600518227 3.330945015 0.801045656 -0.146825269 0.569072306 -0.113685749
1403636660.313555 6.727874756 8.478812218 3.156447172 0.817308486 -0.154069722 0.543475389 -0.113594875
1403636660.813555 6.754591465 8.399734497 3.013645649 0.805219054 -0.141628742 0.561169446 -0.129043281
1403636663.563555 6.767667770 8.947944641 2.559983253 0.828512132 -0.154275015 0.525004864 -0.118896753
1403636664.063555 6.966798306 8.971040726 2.448122025 0.815962493 -0.123274870 0.544889033 -0.148674875
1403636664.863556 7.476423740 9.335138321 2.311581850 0.802674294 -0.122199751 0.575221658 -0.099504478
1403636667.613555 8.587731361 10.824879646 2.426119804 0.814962029 -0.120177582 0.561130106 -0.080791198
1403636668.263556 8.807790756 11.041150093 2.394143105 0.816789687 -0.125710502 0.556491196 -0.085843787
1403636669.363556 9.312497139 11.492517471 2.224918365 0.799004614 -0.131802380 0.577356339 -0.104303859
1403636669.763556 9.444365501 11.760591507 2.164656639 0.781582654 -0.128168106 0.601397514 -0.104987964
1403636670.063555 9.469534874 11.977600098 2.166024923 0.787373185 -0.161975116 0.592733741 -0.049741875
1403636670.413555 9.401547432 12.134013176 2.206219673 0.778979301 -0.165393665 0.604830205 -0.004036763
1403636673.063555 7.935388088 9.771826744 2.761189222 0.809977293 0.169508070 0.553090215 0.096410371
1403636674.563555 8.248183250 10.182775497 2.668542862 0.791744292 0.202673763 0.550386548 0.170700639
1403636677.163556 9.209579468 12.051523209 2.238032103 0.687819779 0.446949661 0.481175959 0.309207708
1403636677.563555 9.262917519 12.385321617 2.158740759 0.652865946 0.460111469 0.497148395 0.338978976
1403636680.463556 9.070976257 13.193214417 2.488743782 0.346070945 0.728424430 0.314506471 0.500717223
1403636683.163556 7.730351448 11.747518539 2.583659887 0.375699401 0.714633644 0.285456777 0.516393781
1403636685.363556 6.871794701 10.236487389 2.573259354 0.367774755 0.727829576 0.274106294 0.509775400
1403636688.263556 6.137220860 8.478097916 2.361770630 0.369648427 0.722622454 0.267732471 0.519129813
1403636689.463556 5.860080242 7.859779835 2.185100079 0.349970102 0.744511724 0.234378785 0.517966509
1403636689.763556 5.761364937 7.747408390 2.260862589 0.359927863 0.749408543 0.215801686 0.512121379
1403636690.463556 5.547977448 7.726279259 2.370464325 0.361370623 0.746413350 0.227032423 0.510621369
1403636690.713556 5.471396923 7.790862560 2.402634144 0.373977363 0.733300269 0.209244534 0.527851820
1403636691.013556 5.419285297 7.916583538 2.361237049 0.380024433 0.702341318 0.198285669 0.568313301
1403636693.763556 6.762118816 8.514973640 3.076009989 0.353377044 0.761258662 0.221244276 0.496649593
1403636694.713556 6.767795086 8.767614365 3.133024216 0.340610594 0.743399262 0.236744881 0.524683893
1403636695.563555 6.803709984 8.987630844 3.115781069 0.346340656 0.736877620 0.247601256 0.525121629
1403636697.563555 6.762800694 9.045293808 3.058624268 0.354552478 0.737026453 0.259151131 0.513735831
1403636700.463556 6.118976593 8.266336441 2.839075804 0.704925001 0.420015812 0.469394237 0.326092869
1403636702.963556 6.797202587 7.952462673 2.343153954 0.765517056 0.323304653 0.512699962 0.215862200
1403636705.163556 7.736771584 8.282234192 2.085020781 0.762253642 0.344475061 0.501059949 0.221913025
1403636705.413555 7.885192871 8.417745590 2.056039333 0.749642253 0.341554105 0.518613338 0.228948697
1403636705.913555 8.170960426 8.748735428 1.983267307 0.751116276 0.333026201 0.517461419 0.239064038
1403636706.163556 8.318047523 8.925210953 1.970806122 0.748391032 0.319784969 0.518397689 0.262511104
1403636706.663556 8.612218857 9.227086067 1.898190498 0.745336711 0.347004354 0.520555317 0.230397537
1403636707.313555 8.948652267 9.692759514 1.938560128 0.752714217 0.336820424 0.520941377 0.220438778
1403636707.713556 9.127096176 10.032241821 2.042995691 0.761714399 0.326432079 0.511244416 0.227733061
1403636709.963556 10.058129311 11.717611313 1.821760893 0.746996045 0.331947893 0.533738554 0.216634333
1403636712.763556 9.310332298 12.918336868 1.896372199 0.656220794 0.449535400 0.500864267 0.341214120
1403636715.613555 7.986901283 11.783207893 2.432869434 0.614320636 0.540841758 0.406772584 0.405754000
1403636718.363556 7.557158947 10.563692093 2.445096493 0.481364787 0.658574343 0.342448235 0.466151118
1403636721.213556 6.866569519 9.272290230 2.162513494 0.492700160 0.645623446 0.336826265 0.476407826
1403636723.713556 6.907893181 8.388072968 2.148897409 0.549385369 0.585700214 0.404958695 0.437195092
1403636726.213556 6.700415134 7.643541336 2.462996244 0.623035789 0.527182341 0.434180021 0.381303400
1403636729.163556 6.372816563 6.851954937 3.042245150 0.566545546 0.575872898 0.417274892 0.416266769
1403636731.663556 5.757940769 5.971555233 3.143584490 0.578790903 0.573428571 0.390927732 0.428201288
1403636734.163556 5.438252926 5.104268551 3.170930147 0.560350478 0.589238822 0.404290348 0.418752939
1403636736.663556 4.779664993 4.354694843 3.510325909 0.526956022 0.618678868 0.389817327 0.433123767
1403636739.513556 4.429930687 4.063924313 3.541771173 0.668885767 0.468322128 0.468375683 0.337476373
1403636742.163556 4.815340519 3.979439020 2.797542572 0.697434902 0.444937855 0.475875854 0.298591554
1403636745.113555 5.386201382 4.579338074 1.670992136 0.714390397 0.399314165 0.494026423 0.293482870
1403636747.913555 5.353414059 4.970695019 1.860533595 0.723671615 0.381142765 0.502492607 0.280233353
1403636750.413555 5.381751060 5.257598400 2.415055513 0.715606332 0.377918839 0.515615046 0.281470239
1403636751.413555 5.184955120 5.139811516 2.914890766 0.725112259 0.390189081 0.494522095 0.278230906
1403636754.113555 4.960043430 5.142834663 3.473182201 0.553100586 0.589573443 0.405860037 0.426333845
1403636756.913555 3.589336157 4.184288502 3.657138586 0.504512131 0.632764041 0.368581206 0.457411021
1403636757.263556 3.392692089 4.000153542 3.690517426 0.504542112 0.633348584 0.365742803 0.458844721
1403636757.513556 3.256190538 3.855623960 3.679135799 0.502389371 0.641386151 0.365059406 0.450511247
1403636757.763556 3.109008312 3.710593700 3.690498829 0.500689030 0.662618458 0.342475086 0.439269841
1403636758.063555 2.913379669 3.581294775 3.772670269 0.489991099 0.662200391 0.337314546 0.455651224
1403636758.413555 2.687417984 3.456747055 3.826884031 0.487411112 0.654516757 0.335589051 0.470550835
1403636758.663556 2.539514303 3.373837948 3.813600779 0.513254166 0.663158178 0.298497617 0.455730528
1403636759.163556 2.316015482 3.318541765 3.767943859 0.497655392 0.640658915 0.323896050 0.486812353
1403636759.513556 2.244433165 3.289282799 3.685662031 0.491446674 0.644054234 0.330802232 0.483987659
1403636759.913555 2.234598398 3.242457628 3.624611139 0.482922137 0.654296219 0.339124411 0.472945154
1403636760.413555 2.231783628 3.183091640 3.570090532 0.482666641 0.651565611 0.341318846 0.475390732
1403636760.713556 2.234634638 3.146617174 3.520134211 0.484228671 0.664064646 0.337667704 0.458825797
1403636761.163556 2.208648205 3.092317104 3.459531069 0.488101572 0.670520544 0.328815609 0.451707184
1403636761.413555 2.173623323 3.081059694 3.436217070 0.488607556 0.671977639 0.327076584 0.450254977
1403636761.663556 2.129409075 3.091662884 3.437417984 0.482060701 0.656307459 0.338935018 0.471169859
1403636761.913555 2.093149185 3.097697258 3.447436810 0.491598487 0.647504330 0.327183694 0.481684357
1403636762.213556 2.075060129 3.099876881 3.472439289 0.473121256 0.665818095 0.356955320 0.453238755
1403636762.463556 2.036349535 3.097882509 3.468150377 0.493237436 0.670301139 0.330025285 0.445529491
1403636762.713556 1.989471316 3.117432117 3.419362783 0.504040241 0.640774965 0.313943297 0.486611277
1403636762.963556 1.996991158 3.117805958 3.381829739 0.488142759 0.640921354 0.344568491 0.481880635
1403636763.213556 2.027121067 3.091133118 3.365524292 0.522116482 0.607916892 0.353514791 0.482554317
1403636763.463556 2.030762434 3.080355644 3.349172115 0.525701880 0.609808445 0.348660320 0.479799122
1403636763.713556 2.034945726 3.059767246 3.334801197 0.526108801 0.609433115 0.348149478 0.480200917
